8577862601
9713329414
6716666737
9881572556
7724839782
6587452050
9131865045
8948695511
7843642988
6229927314
8910514194
7144040640
6851725725
9417026970
6126750743
9877456658
6192730252
6020317436
6901709703
8200680800
9665338975
8639985570
7482633348
8451010262
8203865461
7703690943
6043692032
8426586282
7002807957
6222193269
7417700523
7227077776
9971623078
9034037738
8158342009
9119402775
9569320969
7416035975
8585159837
6744595665
7107150841
7234133431
7955625648
7935582460
8052687905
7911946094
7606450415
9972219958
6867096855
9502740467
9358449495
6682428552
9739521271
6995606114
7334257537
6985292910
7057639380
9997024821
6051277617
9486720843
7660994969
8222942916
9087000219
8497833369
6544093607
7720689541
9168972438
7738375563
9688135614
8633705767
9073868067
6689829532
7487318277
8809095787
6913654202
7645541701
7919826303
7987660920
7907283618
6617264867
9833621677
6535168822
9280822290
7528445777
7817919155
6453287006
9501966229
8944596309
9097326433
7920005381
7969873948
8175230504
7045997916
7882849694
9810943581
7022271046
7036452060
8749717239
9105364524
9677413785